res_4/AliceSprings_MaxTemp_2012-01-01_2013-01-01_1.res.four
res_4/AliceSprings_MaxTemp_2012-01-01_2013-01-01_2.res.four
res_4/AliceSprings_MaxTemp_2012-01-01_2013-01-01_3.res.four
res_4/Canberra_MaxTemp_2012-01-01_2013-01-01_1.res.four
res_4/Canberra_MaxTemp_2012-01-01_2013-01-01_2.res.four
res_4/Canberra_MaxTemp_2012-01-01_2013-01-01_3.res.four
res_4/Darwin_MaxTemp_2012-01-01_2013-01-01_1.res.four
res_4/Darwin_MaxTemp_2012-01-01_2013-01-01_2.res.four
res_4/Darwin_MaxTemp_2012-01-01_2013-01-01_3.res.four
0.8151
0.89092
nan
0.91133
0.83929
0.96847
nan
0.98745
0.84786
1.05333
nan
1.06597
0.73174
0.73045
0.78337
0.76059
0.7385
0.72976
0.78331
0.75889
0.77031
0.87427
0.91342
0.92618
0.71778
0.63346
0.61461
0.94282
0.8568
0.86245
0.88424
1.13386
0.85873
0.88708
0.91266
1.15603
